l(r:p1udt882lv-p1ulv4109);(-122.39473689395604,37.75087412620228);(-122.39466937570344,37.75080167420338)

l(r:p1udm3853-p1ulv4110);(-122.39254041204255,37.750177826027766);(-122.39259679782248,37.750223182407126)

l(r:p1udm3853-p1udt883lv);(-122.3924833631551,37.75021358460211);(-122.39254041204255,37.750177826027766)

l(r:p1udm3854-p1ulv4111);(-122.39252633500305,37.750511240214585);(-122.39261728938118,37.75049368266612)

l(r:p1udm3854-p1udt883lv);(-122.39252633500305,37.750511240214585)

l(r:p1udt884lv-p1ulv4112);(-122.39256820201206,37.75094408741932);(-122.39265886224382,37.750962580943174)

l(r:p1udm3856-p1ulv4113);(-122.39258972509428,37.75108840881127);(-122.39266977119748,37.75101671608305)

l(r:p1udm3856-p1udt884lv);(-122.39258972509428,37.75108840881127)

l(r:p1udt893lv-p1ulv4136);(-122.39096776733454,37.752314840481205);(-122.39090025149693,37.75224238636112)

l(r:p1udm3883-p1ulv4137);(-122.39176890353902,37.752904832474194);(-122.39182573352998,37.75289611259383)

l(r:p1udm3883-p1udt894lv);(-122.39176890353902,37.752904832474194)

l(r:p1udm3884-p1ulv4138);(-122.39182396296148,37.75311241907762);(-122.39192619820201,37.75310393344443)

l(r:p1udm3884-p1udt894lv);(-122.39182396296148,37.75311241907762)

l(r:p1udt895lv-p1ulv7543);(-122.39225973469276,37.75257387789715);(-122.39228310053272,37.75249288001622)

l(r:p1udm3885-p1ulv4139);(-122.39215757394872,37.752573351055695);(-122.39216804037032,37.75268156285373)

l(r:p1udm3885-p1udt895lv);(-122.39215757394872,37.752573351055695)

l(r:p1udm3887-p1ulv4140);(-122.39259540767324,37.75317047632488);(-122.39253953549293,37.753062030549685)

l(r:p1udm3889-p1ulv7633);(-122.39216988015947,37.75384426876984);(-122.39228346775958,37.7538358413789)

l(r:p1udm3887-p1udm3889);(-122.3924931724095,37.753178962538364);(-122.3924019935948,37.753223558266846);(-122.39232216597134,37.75326821245197);(-122.39224204335656,37.75334891766328);(-122.39220769450706,37.75338479313211);(-122.39217327189174,37.753429681360515);(-122.39216133069475,37.75350172497762);(-122.39216029841283,37.75362790375566);(-122.39215926612445,37.753754082530975);(-122.39216988015947,37.75384426876984)

l(r:p1udm3887-p1udt896lv);(-122.39276354080948,37.75343272409091);(-122.39274201677242,37.75328840277916);(-122.39273184409718,37.75314413994953);(-122.39259540767324,37.75317047632488)

l(r:p1udm3888-p1ulv4197);(-122.39277371357812,37.75357698691163);(-122.3929101506902,37.75355065033758)

l(r:p1udm3888-p1udt896lv);(-122.39268371317351,37.75347737851928);(-122.39272816085408,37.75359477850511);(-122.39277371357812,37.75357698691163)

l(r:p1udt909lv-p1ulv4155);(-122.39060948305672,37.75170910732822);(-122.39048447355131,37.75172648720284)

l(r:p1udt942lv-p1ulv4193);(-122.39223341742391,37.75440341169613);(-122.39233617040821,37.75433183634205)

l(r:p1udt943lv-p1ulv4196);(-122.39278388638246,37.7537212497283);(-122.39292010282864,37.75372195145809)

l(r:p1udt1431lv-p1ulv7544);(-122.39245815843724,37.75190792764429);(-122.39245712671858,37.7520341064635)

l(r:p1udt1432lv-p1ulv7546);(-122.39520901188625,37.75144437856608);(-122.39515255021233,37.75140803620234)

l(r:p1udt1433lv-p1ulv7547);(-122.39372347213205,37.74986845718698);(-122.39363398968771,37.74970576003785)

l(r:p1udt908-p1udt909);(-122.39060948305672,37.75170910732822)

l(r:p1udt1433-p1udt882);(-122.39368883146622,37.74994038424072);(-122.39369878503106,37.75011168541139);(-122.39389182250527,37.750103665126);(-122.39430798267733,37.75057448864084);(-122.39452232772297,37.75073782678206);(-122.39473689395604,37.75087412620228)

l(r:p1udt1432-p1udt881);(-122.39433571750872,37.75134976249933);(-122.3945174071363,37.75134168288603);(-122.39468774571863,37.75133354469524);(-122.39485808426699,37.751325406257926);(-122.39500572076587,37.75131715104245);(-122.39520901188625,37.75144437856608)

l(r:p1udt896-p1udt938);(-122.39273317144445,37.75360286592942);(-122.39267284214195,37.75347997314041);(-122.39265002754917,37.75343213918002)

l(r:p1udt942-p1uhs0_1247);(-122.39267502593908,37.755153559001315);(-122.39256093982955,37.755162025776606);(-122.39245919835064,37.75517047290821);(-122.39235707965933,37.75514021247688);(-122.39234244033837,37.754963907013305);(-122.39232083820313,37.75481846731697);(-122.39228796314768,37.754674087429656);(-122.39225508821627,37.75452970753075);(-122.39223341742391,37.75440341169613)

l(r:p1udt907lv-p1ulv4153);(-122.39066232103116,37.752187077569715);(-122.39052536816382,37.75227650094636)

l(r:p1udt908lv-p1ulv4154);(-122.39063085469974,37.751871454568004);(-122.39049486349982,37.75184371191256)

l(r:p1udt907-p1udt908);(-122.390640949238,37.752024730342924);(-122.39063085469974,37.751871454568004)

l(r:p1udt893-p1udt907);(-122.39067234175661,37.75234936610393);(-122.39066232103116,37.752187077569715)

l(r:p1udt893-p1udt894);(-122.39175769461184,37.75290625638028);(-122.39159534430489,37.75286742152478);(-122.39158853828125,37.75275067795211);(-122.39157817427343,37.752634144761316);(-122.39145149197955,37.752623663654376);(-122.39136388218772,37.7526322774405);(-122.39126149300806,37.7526407762673);(-122.39122720366679,37.75254327724476);(-122.39122810538754,37.75240631700703);(-122.39121781164562,37.75228072187447);(-122.39121889573751,37.752144888036845);(-122.3912313845658,37.75200915571951);(-122.39123246215475,37.75187456354837);(-122.39097146108426,37.75186420197486);(-122.39097020521861,37.75201741907094);(-122.39096894934342,37.752170636162965);(-122.39096776733454,37.752314840481205)

l(r:p1udt1425lv-p1ulv7531);(-122.39341148297206,37.75054283858161);(-122.393513861635,37.75051632598201)

l(r:p1udt881lv-p1ulv4108);(-122.3941653788576,37.75135790018064);(-122.39416604022514,37.75127678519076)

l(r:p1udt1425-p1udt881);(-122.39342217169681,37.75062401198937);(-122.39342165668062,37.75068710142437);(-122.39343249258057,37.75075024927691);(-122.39343197757078,37.750813338710685);(-122.39343131541298,37.75089445369594);(-122.39340795134811,37.75097545184157);(-122.39338466081048,37.75104743720525);(-122.39339571746164,37.75108354673041);(-122.39341819867296,37.75111070189881);(-122.39342844603176,37.75124595195238);(-122.39345004443877,37.751381260419656);(-122.39363180777124,37.751364169397576);(-122.39382484850698,37.75135614925166);(-122.3939952606907,37.751338999286475);(-122.39408606876323,37.7513394661656);(-122.3941653788576,37.75135790018064)

l(r:p1udt1425-p1udt1433);(-122.39369943372549,37.749943603511944);(-122.39371012402816,37.75011127002028);(-122.39350574751947,37.750119705380264);(-122.39338081490597,37.750128075583376);(-122.39339142996745,37.75021826177587);(-122.39340211862842,37.7502994351893);(-122.39340145645026,37.75038055018121);(-122.39341214514313,37.7504617235918);(-122.39341148297206,37.75054283858161)

l(r:p1udt1433-p1udt883);(-122.39247215464736,37.75021500858042);(-122.39253337877079,37.7501707516857);(-122.39259753454759,37.75013305464929);(-122.39267721128884,37.750106425775556);(-122.39279108771315,37.750061946735514);(-122.39289361319747,37.75001740911584);(-122.39297373146857,37.749936703379);(-122.39316691575543,37.74991065872341);(-122.39337137711867,37.749893684950386);(-122.39358718917799,37.749876769224);(-122.39372347213205,37.74986845718698)

l(r:p1udt883-p1udt884);(-122.39255810361207,37.750790811748395);(-122.39254793156975,37.75064654884796);(-122.39251507395646,37.75051237338451);(-122.39251608937043,37.75037599008081)

l(r:p1udt1431-p1udt884);(-122.39257196408549,37.75187246162757);(-122.39255044083154,37.75172814024986);(-122.3926413966978,37.751710582699225);(-122.39263137173623,37.75154829427851);(-122.3926099958004,37.75138594735568);(-122.39259982359157,37.75124168447268);(-122.39257838938767,37.7510888796607);(-122.39256820201206,37.75094408741932)

l(r:p1udt1431-p1udt895);(-122.39215750021653,37.752582363827074);(-122.3920553394628,37.7525818368969);(-122.3919531049547,37.75259032264919);(-122.39185094419389,37.75258979554176);(-122.39174870965392,37.75259828111644);(-122.3916464750918,37.75260676660222);(-122.3915904571138,37.75251634592349);(-122.39159134272131,37.75240819267633);(-122.39159222832409,37.75230003942717);(-122.3916044650563,37.75219194477217);(-122.39161692314012,37.752056811799896);(-122.39164073226823,37.75192173741516);(-122.39165311644277,37.75179561720363);(-122.39167692541498,37.751660542804316);(-122.39171201154647,37.75153453975353);(-122.39173574654139,37.751408478107166);(-122.39177083244846,37.751282475031594);(-122.3919520058601,37.75133748878411);(-122.39196217682093,37.75148175170994);(-122.39197293783347,37.7515539124511);(-122.39201745702498,37.75166229995103);(-122.39207340115553,37.75176173321127);(-122.39218639576572,37.75182540806397);(-122.39228826062441,37.751861985962485);(-122.39245815843724,37.75190792764429)

l(r:p1udt894-p1udt895);(-122.39174648568424,37.752907680285304);(-122.39159168471409,37.75287595325894);(-122.39157718706177,37.75275061935366);(-122.39156685084637,37.75263477758255);(-122.39164069822743,37.75259900806976);(-122.39174752945468,37.75258931700093);(-122.39184976398242,37.75258083142717);(-122.39195317871172,37.752581309878174);(-122.39205415922673,37.75257287278412);(-122.39215521345244,37.75255542283197);(-122.39225973469276,37.75257387789715)

l(r:p1udt894-p1udt942);(-122.39226633604692,37.75452849087998);(-122.39203122245716,37.754600152089374);(-122.39197223372439,37.75446763266271);(-122.39192786050371,37.75434121964665);(-122.39188348743134,37.754214806612474);(-122.39183913606406,37.754079226771616);(-122.39179481551129,37.75395296772118);(-122.39176165753608,37.753816890881915);(-122.39173988546192,37.75369010145012);(-122.39170699728805,37.75356436147641);(-122.39167401960914,37.753428873120974);(-122.39165230775636,37.75329298738564);(-122.39163077459872,37.75314859256036);(-122.3918212814445,37.753103661199674);(-122.39179072069412,37.7530131028755)

l(r:p1udt939lv-p1ulv4189);(-122.39280401112536,37.75403681366017);(-122.39298578109789,37.75401972369944)

l(r:p1udt938lv-p1ulv4188);(-122.39277371357812,37.75357698691163);(-122.3929330006607,37.75353274173633)

l(r:p1udt892lv-p1ulv4132);(-122.39274201677242,37.75328840277916);(-122.39292430041135,37.75320822349479)

l(r:p1udt892-p1udt938);(-122.3927522069942,37.753433227919864);(-122.39273074398754,37.753289462639444)

l(r:p1udt938-p1udt943);(-122.39270673121372,37.75360073098531);(-122.392768702985,37.75356889948899)

l(r:p1udt939-p1udt943);(-122.39279398556404,37.75387452531137);(-122.39278388638246,37.7537212497283)

l(r:p1udt939-p1udt942);(-122.39221174670234,37.754277115855466);(-122.39220150121733,37.75414186578095);(-122.39217997808686,37.75399754439153);(-122.39215854403004,37.75384473957501);(-122.3921479637481,37.75375492108082);(-122.3921489470581,37.75362784521113);(-122.39214997935932,37.75350166643336);(-122.39216201736916,37.753428505373044);(-122.39219799876591,37.75338010590284);(-122.39223300654179,37.75334346317215);(-122.3923217974006,37.75331327630471);(-122.39238990524329,37.75331362745312);(-122.39246929069823,37.75332304984725);(-122.39254860248728,37.75334148495893);(-122.39265851420836,37.75342615343399);(-122.39270325635293,37.753468204768225);(-122.39276077399148,37.75358699462392);(-122.3927946012175,37.75371827348187);(-122.39280532169485,37.75387405444506);(-122.39280401112536,37.75403681366017)

fuse(r:p1udt1432-p1udt881)p1u_12081

fuse(r:p1udt908-p1udt909)p1u_12084

fuse(r:p1udt896-p1udt938)p1u_12096

fuse(r:p1udt1433-p1udt882)p1u_12161

goab_disswitch(r:p1udt894-p1udt895)p1u_12238

recloser_disswitch(r:p1udt894-p1udt942)p1u_12266

goab_disswitch(r:p1udt1425-p1udt881)p1u_12301

goab_disswitch(r:p1udt1431-p1udt895)p1u_12316

